instance_name algorithm_name best_objective running_time
S-X-n11-k2.vrp MILP-0 3360.769833600744 0:00:00.370865
N K
11 2
x_0_0_8 = 1.0
x_0_3_4 = 1.0
x_0_4_5 = 1.0
x_0_5_0 = 1.0
x_0_8_3 = 1.0
x_1_0_1 = 1.0
x_1_1_9 = 1.0
x_1_2_6 = 1.0
x_1_6_10 = 1.0
x_1_7_2 = 1.0
x_1_9_7 = 1.0
x_1_10_0 = 1.0
