instance_name algorithm_name best_objective running_time
S-X-n13-k3.vrp MILP-0 4572.767877245103 0:00:04.218026
N K
13 4
x_0_0_12 = 1.0
x_0_1_0 = 1.0
x_0_4_9 = 1.0
x_0_9_1 = 1.0
x_0_12_4 = 1.0
x_1_0_11 = 1.0
x_1_11_0 = 1.0
x_2_0_5 = 1.0
x_2_2_6 = 1.0
x_2_5_7 = 1.0
x_2_6_10 = 1.0
x_2_7_2 = 1.0
x_2_10_0 = 1.0
x_3_0_8 = 1.0
x_3_3_0 = 1.0
x_3_8_3 = 1.0
